1 0.00558876
2 0.00564804
3 0.00580947
4 0.00527259
5 0.00532527
6 0.00524964
7 0.00583816
8 0.00597731
9 0.00598059
10 0.00658089
1 0.00402884
2 0.00398751
3 0.00418343
4 0.00403434
5 0.00408106
6 0.00396236
7 0.00569743
8 0.00584363
9 0.00583171
10 0.00541845
1 0.00403088
2 0.00571372
3 0.00401842
4 0.00401266
5 0.00398663
6 0.00585921
7 0.00397033
8 0.00394789
9 0.00577651
10 0.0058757
1 0.00586932
2 0.00405659
3 0.00399335
4 0.00398352
5 0.00574093
6 0.00543781
7 0.00479651
8 0.00531141
9 0.00415354
10 0.00569139
1 0.00402968
2 0.00399401
3 0.00424817
4 0.00424851
5 0.00519885
6 0.00552694
7 0.00583205
8 0.00417801
9 0.00548067
10 0.00392784
1 0.00633637
2 0.00399846
3 0.00402288
4 0.00459109
5 0.00550681
6 0.00543149
7 0.00538116
8 0.0054354
9 0.00554328
10 0.00399312
1 0.00660726
2 0.00563042
3 0.00586196
4 0.00400067
5 0.00551273
6 0.00585107
7 0.0056105
8 0.00631225
9 0.00557744
10 0.00396813
1 0.00402442
2 0.00723367
3 0.00398428
4 0.00563125
5 0.00587103
6 0.00536051
7 0.00566628
8 0.00583166
9 0.00574793
10 0.00560609
1 0.00422156
2 0.00537679
3 0.00397754
4 0.00533798
5 0.00404942
6 0.00394503
7 0.00584135
8 0.00537486
9 0.0040035
10 0.00572884
1 0.00536569
2 0.00550566
3 0.00437478
4 0.00581711
5 0.00514316
6 0.00588076
7 0.00397464
8 0.0053029
9 0.00439497
10 0.00586346
1 0.00486083
2 0.0040406
3 0.00480753
4 0.00440275
5 0.00568609
6 0.00585035
7 0.00400385
8 0.00398023
9 0.00764704
10 0.00569985
1 0.00400897
2 0.00585396
3 0.00679315
4 0.00360911
5 0.00580673
6 0.00581839
7 0.00505221
8 0.00584341
9 0.00413965
10 0.00769805
1 0.0051527
2 0.0039828
3 0.00398043
4 0.00584114
5 0.00582333
6 0.00578372
7 0.00402652
8 0.00522571
9 0.0045683
10 0.005868
1 0.00538513
2 0.00401505
3 0.00396583
4 0.00403761
5 0.00568883
6 0.00580287
7 0.0040015
8 0.00566058
9 0.00511408
10 0.00397078
1 0.00528268
2 0.00400474
3 0.00497714
4 0.00586765
5 0.00405763
6 0.00520877
7 0.00550832
8 0.00461658
9 0.00634518
10 0.00469749
